146.832
110.0
164.814
174.614
261.626
174.614
116.541
174.614
130.813
146.832
220.0
146.832
130.813
195.998
164.814
329.628
349.228
329.628
261.626
220.0
261.626
174.614
195.998
220.0
261.626
349.228
391.995
440.0
329.628
349.228
261.626
195.998
146.832
110.0
164.814
174.614
261.626
174.614
116.541
174.614
130.813
146.832
220.0
146.832
130.813
195.998
164.814
329.628
349.228
329.628
261.626
220.0
261.626
174.614
195.998
220.0
261.626
349.228
391.995
440.0
329.628
349.228
261.626
195.998
0.0
329.628
349.228
329.628
349.228
329.628
349.228
523.251
0.0
349.228
329.628
349.228
391.995
440.0
329.628
261.626
0.0
391.995
440.0
391.995
440.0
391.995
440.0
523.251
0.0
349.228
329.628
698.456
659.255
523.251
440.0
391.995
0.0
391.995
440.0
391.995
440.0
391.995
440.0
523.251
0.0
349.228
329.628
349.228
391.995
440.0
329.628
261.626
0.0
391.995
440.0
391.995
440.0
391.995
440.0
523.251
0.0
349.228
329.628
698.456
659.255
523.251
783.991
523.251
880.0
0.0
523.251
783.991
523.251
880.0
0.0
329.628
349.228
329.628
349.228
329.628
349.228
523.251
0.0
349.228
329.628
349.228
391.995
440.0
329.628
261.626
0.0
391.995
440.0
391.995
440.0
391.995
440.0
523.251
0.0
349.228
329.628
698.456
659.255
523.251
440.0
391.995
0.0
391.995
440.0
391.995
440.0
391.995
440.0
523.251
0.0
349.228
329.628
349.228
391.995
440.0
329.628
261.626
0.0
391.995
440.0
391.995
440.0
391.995
440.0
523.251
0.0
349.228
329.628
698.456
659.255
523.251
783.991
523.251
880.0
0.0
523.251
783.991
523.251
880.0
0.0
233.082
261.626
261.626
440.0
391.995
391.995
261.626
261.626
523.251
523.251
349.228
329.628
349.228
698.456
698.456
659.255
523.251
523.251
391.995
349.228
349.228
261.626
0.0
233.082
246.942
155.563
195.998
195.998
293.665
293.665
195.998
195.998
246.942
391.995
466.164
493.883
233.082
311.127
349.228
391.995
329.628
493.883
493.883
698.456
698.456
0.0
349.228
391.995
415.305
391.995
311.127
329.628
233.082
207.652
220.0
195.998
155.563
116.541
123.471
155.563
174.614
233.082
311.127
349.228
466.164
349.228
493.883
622.254
587.33
293.665
391.995
587.33
293.665
391.995
587.33
293.665
391.995
391.995
587.33
293.665
391.995
587.33
293.665
391.995
0.0
207.652
233.082
246.942
391.995
349.228
349.228
246.942
246.942
466.164
493.883
311.127
293.665
311.127
622.254
659.255
587.33
466.164
493.883
349.228
329.628
329.628
233.082
0.0
207.652
220.0
146.832
174.614
174.614
261.626
261.626
174.614
174.614
220.0
349.228
415.305
440.0
233.082
277.183
311.127
349.228
293.665
440.0
440.0
622.254
659.255
0.0
311.127
349.228
369.994
349.228
277.183
293.665
207.652
184.997
195.998
174.614
138.591
103.826
110.0
138.591
155.563
207.652
277.183
311.127
415.305
329.628
440.0
554.365
523.251
261.626
349.228
523.251
261.626
349.228
523.251
261.626
349.228
349.228
523.251
261.626
349.228
523.251
261.626
349.228
523.251
261.626
349.228
523.251
261.626
349.228
523.251
261.626
349.228
349.228
523.251
261.626
349.228
523.251
0.0
440.0
0.0
293.665
0.0
261.626
0.0
293.665
0.0
440.0
0.0
293.665
0.0
261.626
0.0
293.665
0.0
440.0
0.0
293.665
0.0
261.626
0.0
293.665
0.0
440.0
0.0
293.665
0.0
261.626
0.0
293.665
0.0
440.0
0.0
293.665
0.0
261.626
0.0
293.665
0.0
440.0
0.0
293.665
0.0
261.626
0.0
293.665
0.0
440.0
0.0
293.665
0.0
261.626
0.0
293.665
0.0
440.0
0.0
293.665
0.0
261.626
0.0
293.665
0.0
391.995
0.0
349.228
0.0
329.628
0.0
261.626
0.0
391.995
0.0
349.228
0.0
329.628
0.0
261.626
0.0
391.995
0.0
349.228
0.0
329.628
0.0
261.626
0.0
391.995
0.0
349.228
0.0
329.628
0.0
261.626
0.0
391.995
0.0
349.228
0.0
329.628
0.0
261.626
0.0
391.995
0.0
349.228
0.0
329.628
0.0
261.626
0.0
391.995
0.0
349.228
0.0
329.628
0.0
261.626
0.0
391.995
0.0
349.228
0.0
329.628
0.0
523.251, 880.0
0.0
880.0
0.0
783.991
0.0
523.251
0.0
391.995
0.0
349.228
0.0
329.628
0.0
261.626
0.0
195.998
0.0
880.0
0.0
783.991
0.0
523.251
0.0
391.995
0.0
349.228
0.0
329.628
0.0
261.626
0.0
195.998
0.0
880.0
0.0
783.991
0.0
523.251
0.0
391.995
0.0
349.228
0.0
329.628
0.0
261.626
0.0
195.998
0.0
880.0
0.0
783.991
0.0
523.251
0.0
391.995
0.0
349.228
0.0
329.628
0.0
261.626
0.0
195.998
0.0
880.0
0.0
783.991
0.0
523.251
0.0
391.995
0.0
349.228
0.0
329.628
0.0
261.626
0.0
195.998
0.0
880.0
0.0
783.991
0.0
523.251
0.0
391.995
0.0
349.228
0.0
329.628
0.0
261.626
0.0
195.998
0.0
880.0
0.0
783.991
0.0
523.251
0.0
391.995
0.0
349.228
0.0
329.628
0.0
261.626
0.0
195.998
0.0
293.665
0.0
587.33
0.0
391.995
0.0
261.626
0.0
523.251
0.0
0.0
440.0
0.0
293.665
0.0
261.626
0.0
293.665
0.0
440.0
0.0
293.665
0.0
261.626
0.0
293.665
0.0
440.0
0.0
293.665
0.0
261.626
0.0
293.665
0.0
440.0
0.0
293.665
0.0
261.626
0.0
293.665
0.0
440.0
0.0
293.665
0.0
261.626
0.0
293.665
0.0
440.0
0.0
293.665
0.0
261.626
0.0
293.665
0.0
440.0
0.0
293.665
0.0
261.626
0.0
293.665
0.0
440.0
0.0
293.665
0.0
261.626
0.0
293.665
0.0
391.995
0.0
349.228
0.0
329.628
0.0
261.626
0.0
391.995
0.0
349.228
0.0
329.628
0.0
261.626
0.0
391.995
0.0
349.228
0.0
329.628
0.0
261.626
0.0
391.995
0.0
349.228
0.0
329.628
0.0
261.626
0.0
391.995
0.0
349.228
0.0
329.628
0.0
261.626
0.0
391.995
0.0
349.228
0.0
329.628
0.0
261.626
0.0
391.995
0.0
349.228
0.0
329.628
0.0
261.626
0.0
391.995
0.0
349.228
0.0
329.628
0.0
523.251, 880.0
0.0
880.0
0.0
783.991
0.0
523.251
0.0
391.995
0.0
349.228
0.0
329.628
0.0
261.626
0.0
195.998
0.0
880.0
0.0
783.991
0.0
523.251
0.0
391.995
0.0
349.228
0.0
329.628
0.0
261.626
0.0
195.998
0.0
880.0
0.0
783.991
0.0
523.251
0.0
391.995
0.0
349.228
0.0
329.628
0.0
261.626
0.0
195.998
0.0
880.0
0.0
783.991
0.0
523.251
0.0
391.995
0.0
349.228
0.0
329.628
0.0
261.626
0.0
195.998
0.0
880.0
0.0
783.991
0.0
523.251
0.0
391.995
0.0
349.228
0.0
329.628
0.0
261.626
0.0
195.998
0.0
880.0
0.0
783.991
0.0
523.251
0.0
391.995
0.0
349.228
0.0
329.628
0.0
261.626
0.0
195.998
0.0
880.0
0.0
783.991
0.0
523.251
0.0
391.995
0.0
349.228
0.0
329.628
0.0
261.626
0.0
195.998
0.0
440.0
0.0
391.995
0.0
440.0
0.0
261.626
0.0
391.995
0.0
220.0
0.0
329.628
0.0
349.228
0.0
329.628
0.0
261.626
0.0
349.228
0.0
329.628
0.0
261.626
0.0
349.228
0.0
329.628
0.0
261.626
0.0
349.228
0.0
329.628
0.0
261.626
0.0
349.228
0.0
329.628
0.0
220.0
0.0
329.628
0.0
349.228
0.0
329.628
0.0
261.626
0.0
349.228
0.0
329.628
0.0
261.626
0.0
349.228
0.0
329.628
0.0
261.626
0.0
349.228
0.0
329.628
0.0
261.626
0.0
349.228
0.0
329.628
0.0
220.0
0.0
329.628
0.0
349.228
0.0
329.628
0.0
261.626
0.0
349.228
0.0
329.628
0.0
261.626
0.0
349.228
0.0
329.628
0.0
261.626
0.0
349.228
0.0
329.628
0.0
261.626
0.0
349.228
0.0
329.628
0.0
220.0
0.0
329.628
0.0
349.228
0.0
329.628
0.0
261.626
0.0
349.228
0.0
329.628
0.0
261.626
0.0
349.228
0.0
329.628
0.0
261.626
0.0
349.228
0.0
329.628
0.0
261.626
0.0
349.228
0.0
329.628
0.0
220.0
0.0
329.628
0.0
349.228
0.0
329.628
0.0
261.626
0.0
349.228
0.0
329.628
0.0
261.626
0.0
349.228
0.0
329.628
0.0
261.626
0.0
349.228
0.0
329.628
0.0
261.626
0.0
349.228
0.0
329.628
0.0
220.0
0.0
329.628
0.0
349.228
0.0
329.628
0.0
261.626
0.0
349.228
0.0
329.628
0.0
261.626
0.0
349.228
0.0
329.628
0.0
261.626
0.0
349.228
0.0
329.628
0.0
261.626
0.0
349.228
0.0
329.628
0.0
220.0
0.0
329.628
0.0
349.228
0.0
329.628
0.0
261.626
0.0
349.228
0.0
329.628
0.0
261.626
0.0
349.228
0.0
329.628
0.0
261.626
0.0
349.228
0.0
329.628
0.0
261.626
0.0
349.228
0.0
329.628
0.0
220.0
0.0
329.628
0.0
349.228
0.0
329.628
0.0
261.626
0.0
349.228
0.0
329.628
0.0
261.626
0.0
349.228
0.0
329.628
0.0
261.626
0.0
349.228
0.0
329.628
0.0
261.626
0.0
349.228
0.0
329.628
0.0
261.626
0.0
349.228
0.0
329.628
0.0
261.626
0.0
349.228
0.0
329.628
0.0
261.626
0.0
349.228
0.0
329.628
0.0
261.626
0.0
349.228
0.0
329.628
0.0
220.0
0.0
329.628
0.0
349.228
0.0
329.628
0.0
261.626
0.0
349.228
0.0
329.628
0.0
261.626
0.0
349.228
0.0
329.628
0.0
261.626
0.0
349.228
0.0
329.628
0.0
261.626
0.0
349.228
0.0
329.628
0.0
220.0
0.0
329.628
0.0
349.228
0.0
329.628
0.0
261.626
0.0
349.228
0.0
329.628
0.0
261.626
0.0
349.228
0.0
329.628
0.0
261.626
0.0
349.228
0.0
329.628
0.0
261.626
0.0
349.228
0.0
329.628
0.0
220.0
0.0
329.628
0.0
349.228
0.0
329.628
0.0
261.626
0.0
349.228
0.0
329.628
0.0
261.626
0.0
349.228
0.0
329.628
0.0
261.626
0.0
349.228
0.0
329.628
0.0
261.626
0.0
349.228
0.0
329.628
0.0
220.0
0.0
329.628
0.0
349.228
0.0
329.628
0.0
261.626
0.0
349.228
0.0
329.628
0.0
261.626
0.0
349.228
0.0
329.628
0.0
261.626
0.0
349.228
0.0
329.628
0.0
261.626
0.0
349.228
0.0
329.628
0.0
220.0
0.0
329.628
0.0
349.228
0.0
329.628
0.0
261.626
0.0
349.228
0.0
329.628
0.0
261.626
0.0
349.228
0.0
329.628
0.0
261.626
0.0
349.228
0.0
329.628
0.0
261.626
0.0
349.228
0.0
329.628
0.0
220.0
0.0
329.628
0.0
349.228
0.0
329.628
0.0
261.626
0.0
349.228
0.0
329.628
0.0
261.626
0.0
349.228
0.0
329.628
0.0
261.626
0.0
349.228
0.0
329.628
0.0
261.626
0.0
349.228
0.0
329.628
0.0
220.0
0.0
329.628
0.0
349.228
0.0
329.628
0.0
261.626
0.0
349.228
0.0
329.628
0.0
261.626
0.0
349.228
0.0
329.628
0.0
349.228
0.0
349.228
0.0
349.228
0.0
349.228
0.0
146.832
110.0
164.814
174.614
261.626
174.614
116.541
174.614
130.813
146.832
220.0
146.832
130.813
195.998
164.814
329.628
349.228
329.628
261.626
220.0
261.626
174.614
195.998
220.0
261.626
349.228
391.995
440.0
329.628
349.228
261.626
195.998
146.832
110.0
164.814
174.614
261.626
174.614
116.541
174.614
130.813
146.832
220.0
146.832
130.813
195.998
164.814
329.628
349.228
329.628
261.626
220.0
261.626
174.614
195.998
220.0
261.626
349.228
391.995
440.0
329.628
349.228